0.208333
0.416667
0.625000
0.833333
1.041667
1.250000
1.458333
1.666667
1.875000
2.083333
2.291667
2.500000
2.708333
2.916667
3.125000
3.333333
3.541667
3.750000
3.958333
4.166667
4.375000
4.583333
4.791667
5.000000
5.277778
5.555556
5.833333
6.111111
6.388889
6.666667
6.944444
7.222222
7.500000
7.777778
8.055556
8.333333
8.611111
8.888889
9.166667
9.444444
9.722222
10.000000
10.357143
10.714286
11.071429
11.428571
11.785714
12.142857
12.500000
12.857143
13.214286
13.571429
13.928571
14.285714
14.642857
15.000000
15.357143
15.714286
16.071429
16.428571
16.785714
17.142857
17.500000
17.857143
18.214286
18.571429
18.928571
19.285714
19.642857
20.000000
